Punto 1
f(3) = 0.1
p(3) = -38

Punto 2
f(4) = 0.0588235
p(4) = -103

Punto 3
f(5) = 0.0384615
p(5) = -214

Error total: 355.197
