Punto 1
f(-4.67742) = 0.0437096
p(-4.67742) = -0.0268445

Punto 2
f(-4.35484) = 0.0500886
p(-4.35484) = -0.0539798

Punto 3
f(-4.03226) = 0.0579404
p(-4.03226) = -0.049941

Punto 4
f(-3.70968) = 0.0677428
p(-3.70968) = -0.0212251

Punto 5
f(-3.3871) = 0.0801767
p(-3.3871) = 0.0261711

Punto 6
f(-3.06452) = 0.0962345
p(-3.06452) = 0.08675

Punto 7
f(-2.74194) = 0.117395
p(-2.74194) = 0.155514

Punto 8
f(-2.41935) = 0.145916
p(-2.41935) = 0.227968

Punto 9
f(-2.09677) = 0.185307
p(-2.09677) = 0.300109

Punto 10
f(-1.77419) = 0.241095
p(-1.77419) = 0.368441

Punto 11
f(-1.45161) = 0.321836
p(-1.45161) = 0.429965

Punto 12
f(-1.12903) = 0.439617
p(-1.12903) = 0.482183

Punto 13
f(-0.806452) = 0.605927
p(-0.806452) = 0.523096

Punto 14
f(-0.483871) = 0.810287
p(-0.483871) = 0.551204

Punto 15
f(-0.16129) = 0.974645
p(-0.16129) = 0.565508

Punto 16
f(0.16129) = 0.974645
p(0.16129) = 0.565508

Punto 17
f(0.483871) = 0.810287
p(0.483871) = 0.551204

Punto 18
f(0.806452) = 0.605927
p(0.806452) = 0.523096

Punto 19
f(1.12903) = 0.439617
p(1.12903) = 0.482183

Punto 20
f(1.45161) = 0.321836
p(1.45161) = 0.429965

Punto 21
f(1.77419) = 0.241095
p(1.77419) = 0.368441

Punto 22
f(2.09677) = 0.185307
p(2.09677) = 0.300109

Punto 23
f(2.41935) = 0.145916
p(2.41935) = 0.227968

Punto 24
f(2.74194) = 0.117395
p(2.74194) = 0.155514

Punto 25
f(3.06452) = 0.0962345
p(3.06452) = 0.08675

Punto 26
f(3.3871) = 0.0801767
p(3.3871) = 0.0261711

Punto 27
f(3.70968) = 0.0677428
p(3.70968) = -0.0212251

Punto 28
f(4.03226) = 0.0579404
p(4.03226) = -0.049941

Punto 29
f(4.35484) = 0.0500886
p(4.35484) = -0.0539798

Punto 30
f(4.67742) = 0.0437096
p(4.67742) = -0.0268445

Error total: 3.39806
